2222222222222222222222222222222222222222
2333332444444444244144244444444442333332
2333332444444444200100244444444442333332
2333332444444444200100244444444442333332
2333331111111111200100211111111111333332
2333332444441444222122244441444442333332
2333332444441444200100244441444442222222
2222222444441444200100244441444444441442
2441444444441444222122244441444444441442
2441444444441444200100244441444444441442
2441444444441444200100244441444444441442
2441444444441444222122244441444444441442
2441444444441444200100244441444444441442
2441444444441444200100244441444444441442
2441444444441444222122244441444444441442
2441444444401044444144444401044444441442
2441444444001004444144444001004444441442
2441444446601066444144446601066444441442
2441444400001000044144400001000044441442
2111111111111111111111111111111111111112
2441444400001000044144400001000044441442
2441444446601066444144446601066444441442
2441444444001004444144444001004444441442
2441444444401044444144444401044444441442
2441444444441444444144444441444444441442
2441444444441444444144444441444444441442
2441444444441444444144444441444444441442
2441444444441444444144444441444444441442
2441444444441444444144444441444444441442
2441444444441444444144444441444444441442
2441444444441444444144444441444444441442
2441444444441444444144444441444444441442
2441444444401044444144444401044444441442
2222222444001004444144444001004444441442
2555552440001000444144440001000442222222
2555552400001000044144400001000042555552
2555551111111111111111111111111111555552
2555552400001000044144400001000042555552
2555552444001004444144444401004442555552
2222222222222222222222222222222222222222
