12 12 12 12 12 12 12 12 12 12 12 12 12 12 12 12 12 12 12 12 12 12 12 12 12 12 12 12 12 12 12 12 12 12 12 12 12 12 12 12
12 10 10 10 10 10 10 10 10 10 10 10 10 10 10 10 10 10 10 10 10 10 10 10 10 10 10 10 10 10 10 10 10 10 10 10 10 10 10 12
12 10 10 10 10 10 10 10 10 10 10 10 10 10 10 10 10 10 10 10 10 10 10 10 10 10 10 10 10 10 10 10 10 10 10 10 10 10 10 12
12 10 10 10 10 10 10 10 10 10 10 10 10 10 10 10 10 10 10 10 10 10 10 10 10 10 10 10 10 10 10 10 10 10 10 10 10 10 10 12
12 10 10 10 10 10 10 10 10 10 10 10 10 10 10 10 10 10 10 10 10 10 10 10 10 10 10 10 10 10 10 10 10 10 10 10 10 10 10 12
12 10 10 10 10 10 10 10 10 10 10 10 10 10 10 10 10 10 10 10 10 10 10 10 10 10 10 10 10 10 10 10 10 10 10 10 10 10 10 12
12 10 10 10 10 10 10 10 10 10 10 10 10 10 10 10 10 10 10 10 10 10 10 10 10 10 10 10 10 10 10 10 10 10 10 10 10 10 10 12
12 10 10 10 10 10 10 10 10 10 10 10 10 10 10 10 10 10 10 10 10 10 10 10 10 10 10 10 10 10 10 10 10 10 10 10 10 10 10 12
12 10 10 10 10 10 10 10 11 11 11 11 11 11 11 11 11 11 11 11 11 11 11 11 11 11 11 11 11 11 11 11 10 10 10 10 10 10 10 12
12 10 10 10 10 10 10 10 11 10 10 10 10 10 10 10 10 10 10 10 10 10 10 10 10 10 10 10 10 10 10 11 10 10 10 10 10 10 10 12
12 10 10 10 10 10 10 10 11 10 10 10 10 13 13 13 13 13 13 13 13 13 13 13 13 13 13 10 10 10 10 11 10 10 10 10 10 10 10 12
12 10 10 10 10 10 10 10 11 10 10 10 10 13 14 14 14 14 14 14 14 14 14 14 14 14 13 10 10 10 10 11 10 10 10 10 10 10 10 12
12 10 10 10 10 10 10 10 11 10 10 10 10 13 14 14 14 14 14 14 14 14 14 14 14 14 13 10 10 10 10 11 10 10 10 10 10 10 10 12
12 10 10 10 10 10 10 10 11 10 10 10 10 13 14 14 14 14 14 14 14 14 14 14 14 14 13 10 10 10 10 11 10 10 10 10 10 10 10 12
12 10 10 10 10 10 10 10 11 10 10 10 10 13 14 14 14 14 14 14 14 14 14 14 14 14 13 10 10 10 10 11 10 10 10 10 10 10 10 12
12 10 10 10 10 10 10 10 11 10 10 10 10 13 14 14 14 14 14 14 14 14 14 14 14 14 13 10 10 10 10 11 10 10 10 10 10 10 10 12
12 10 10 10 10 10 10 10 11 10 10 10 10 13 14 14 14 14 14 14 14 14 14 14 14 14 13 10 10 10 10 11 10 10 10 10 10 10 10 12
12 10 10 10 10 10 10 10 11 10 10 10 10 13 14 14 14 14 14 14 14 14 14 14 14 14 13 10 10 10 10 11 10 10 10 10 10 10 10 12
12 10 10 10 10 10 10 10 11 10 10 10 10 13 14 14 14 14 14 14 14 14 14 14 14 14 13 10 10 10 10 11 10 10 10 10 10 10 10 12
12 10 10 10 10 10 10 10 11 10 10 10 10 13 14 14 14 14 14 14 14 14 14 14 14 14 13 10 10 10 10 11 10 10 10 10 10 10 10 12
12 10 10 10 10 10 10 10 11 10 10 10 10 13 14 14 14 14 14 14 14 14 14 14 14 14 13 10 10 10 10 11 10 10 10 10 10 10 10 12
12 10 10 10 10 10 10 10 11 10 10 10 10 13 13 13 13 13 13 14 14 13 13 13 13 13 13 10 10 10 10 11 10 10 10 10 10 10 10 12
12 10 10 10 10 10 10 10 11 10 10 10 10 10 10 10 10 10 10 10 10 10 10 10 10 10 10 10 10 10 10 11 10 10 10 10 10 10 10 12
12 10 10 10 10 10 10 10 11 10 10 10 10 10 10 10 10 10 10 10 10 10 10 10 10 10 10 10 10 10 10 11 10 10 10 10 10 10 10 12
12 10 10 10 10 10 10 10 11 11 11 11 11 11 11 11 11 11 11 14 14 11 11 11 11 11 11 11 11 11 11 11 10 10 10 10 10 10 10 12
12 10 10 12 12 10 12 12 10 12 12 10 12 12 10 12 12 10 10 14 14 10 12 10 12 12 10 12 12 10 12 12 10 12 12 10 12 12 10 12
12 10 10 10 10 10 10 10 10 10 10 10 10 10 10 10 10 10 10 14 14 10 10 10 10 10 10 10 10 10 10 10 10 10 10 10 10 10 10 12
12 10 12 10 12 12 10 12 12 10 12 12 10 12 12 10 12 12 10 14 14 10 12 12 10 12 12 10 12 12 10 12 12 10 12 12 10 12 10 12
12 10 10 10 10 10 10 10 10 10 10 10 10 10 10 10 10 10 10 14 14 10 10 10 10 10 10 10 10 10 10 10 10 10 10 10 10 10 10 12
12 10 12 12 10 12 12 10 12 12 10 12 12 10 12 12 10 12 10 14 14 10 10 12 12 10 12 12 10 12 12 10 12 12 10 12 12 10 10 12
12 10 10 10 10 10 10 10 10 10 10 10 10 10 10 10 10 10 10 14 14 10 10 10 10 10 10 10 10 10 10 10 10 10 10 10 10 10 10 12
12 10 10 12 12 10 12 12 10 12 12 10 12 12 10 12 12 10 10 14 14 10 12 10 12 12 10 12 12 10 12 12 10 12 12 10 12 12 10 12
12 10 10 10 10 10 10 10 10 10 10 10 10 10 10 10 10 10 10 14 14 10 10 10 10 10 10 10 10 10 10 10 10 10 10 10 10 10 10 12
12 10 12 10 12 12 10 12 12 10 12 12 10 12 12 10 12 12 10 14 14 10 12 12 10 12 12 10 12 12 10 12 12 10 12 12 10 12 10 12
12 10 10 10 10 10 10 10 10 10 10 10 10 10 10 10 10 10 10 14 14 10 10 10 10 10 10 10 10 10 10 10 10 10 10 10 10 10 10 12
12 10 12 12 10 12 12 10 12 12 10 12 12 10 12 12 10 12 10 14 14 10 10 12 12 10 12 12 10 12 12 10 12 12 10 12 12 10 10 12
12 10 10 10 10 10 10 10 10 10 10 10 10 10 10 10 10 10 10 14 14 10 10 10 10 10 10 10 10 10 10 10 10 10 10 10 10 10 10 12
12 10 10 12 12 10 12 12 10 12 12 10 12 12 10 12 12 10 10 14 14 10 12 10 12 12 10 12 12 10 12 12 10 12 12 10 12 12 10 12
12 10 10 10 10 10 10 10 10 10 10 10 10 10 10 10 10 10 10 10 10 10 10 10 10 10 10 10 10 10 10 10 10 10 10 10 10 10 10 12
12 12 12 12 12 12 12 12 12 12 12 12 12 12 12 12 12 12 12 12 12 12 12 12 12 12 12 12 12 12 12 12 12 12 12 12 12 12 12 12
